~~~~~~~~~~~~~~~~~~~~~~~~~~~~~~~~~~~~~~~~~~~~~~~~~~~~~~~~~~~~~~~~~~~~~~~~~~~~~~~~

dataset_size = 256.00 MB    numObjs = 2097152    numCoords = 16    numClusters = 32
Initial cluster centers:
clusters[0] =   0.00   8.00   8.35   1.07   7.63   6.35   4.28  10.00   6.72   3.34   2.51   5.59   2.44   3.35   5.44   2.78
clusters[1] =   1.02   1.22   0.58   5.50   2.22   0.68   8.89   9.14   8.69   2.67   2.72   9.27   8.86   9.32   3.71   5.94
clusters[2] =   1.06   3.44   4.49   5.51   1.72   6.81   2.74   0.34   9.66   5.11   3.94   8.26   0.26   8.72   2.65   0.79
clusters[3] =   1.09   5.65   8.40   5.51   1.24   2.93   6.59   1.55   0.63   7.55   5.17   7.26   1.66   8.13   1.58   5.64
clusters[4] =   2.11   8.89   0.64   9.95   5.82   7.27   1.19   0.69   2.60   6.88   5.37   0.94   8.08   4.10   9.86   8.81
clusters[5] =   2.15   1.10   4.54   9.95   5.33   3.41   5.04   1.90   3.57   9.32   6.60   9.93   9.48   3.50   8.79   3.65
clusters[6] =   2.19   3.31   8.45   9.95   4.84   9.53   8.89   3.10   4.54   1.75   7.82   8.93   0.88   2.90   7.73   8.51
clusters[7] =   2.22   5.52   2.35   9.95   4.36   5.66   2.74   4.31   5.50   4.19   9.05   7.92   2.28   2.31   6.67   3.35
clusters[8] =   3.24   8.76   4.60   4.39   8.94  10.00   7.35   3.45   7.47   3.51   9.25   1.60   8.70   8.28   4.95   6.52
clusters[9] =   3.28   0.97   8.50   4.40   8.45   6.13   1.20   4.66   8.45   5.95   0.48   0.60   0.11   7.68   3.88   1.37
clusters[10] =   3.32   3.19   2.41   4.40   7.96   2.26   5.05   5.86   9.41   8.38   1.70   9.59   1.50   7.08   2.82   6.21
clusters[11] =   4.33   6.41   4.65   8.84   2.54   6.59   9.65   5.00   1.38   7.72   1.90   3.28   7.93   3.06   1.09   9.38
clusters[12] =   4.37   8.63   8.55   8.83   2.05   2.72   3.50   6.21   2.35   0.15   3.13   2.27   9.33   2.46   0.03   4.23
clusters[13] =   4.40   0.84   2.46   8.84   1.56   8.85   7.35   7.42   3.32   2.59   4.35   1.26   0.73   1.86   8.96   9.07
clusters[14] =   4.43   3.06   6.37   8.84   1.07   4.98   1.20   8.62   4.28   5.03   5.57   0.26   2.12   1.26   7.90   3.92
clusters[15] =   5.46   6.28   8.61   3.28   5.66   9.32   5.81   7.76   6.26   4.35   5.79   3.94   8.55   7.23   6.17   7.09
clusters[16] =   5.50   8.51   2.51   3.28   5.17   5.45   9.66   8.97   7.22   6.79   7.01   2.93   9.95   6.63   5.11   1.94
clusters[17] =   5.53   0.72   6.42   3.29   4.68   1.58   3.51   0.18   8.19   9.23   8.23   1.93   1.34   6.04   4.04   6.79
clusters[18] =   6.55   3.95   8.66   7.72   9.27   5.91   8.11   9.31   0.16   8.56   8.44   5.61   7.77   2.01   2.32   9.95
clusters[19] =   6.59   6.16   2.57   7.73   8.78   2.04   1.96   0.52   1.13   0.99   9.66   4.60   9.17   1.42   1.26   4.80
clusters[20] =   6.62   8.38   6.47   7.73   8.29   8.17   5.81   1.73   2.10   3.43   0.88   3.60   0.57   0.81   0.19   9.65
clusters[21] =   6.66   0.59   0.38   7.73   7.80   4.30   9.67   2.93   3.07   5.87   2.11   2.59   1.97   0.22   9.12   4.50
clusters[22] =   7.68   3.82   2.61   2.17   2.38   8.64   4.27   2.07   5.04   5.19   2.31   6.27   8.40   6.19   7.41   7.66
clusters[23] =   7.71   6.03   6.52   2.17   1.89   4.77   8.12   3.28   6.01   7.63   3.54   5.27   9.79   5.59   6.34   2.51
clusters[24] =   7.75   8.25   0.42   2.18   1.40   0.90   1.97   4.48   6.97   0.07   4.76   4.26   1.19   4.99   5.27   7.36
clusters[25] =   8.77   1.48   2.67   6.61   5.98   5.23   6.57   3.62   8.94   9.40   4.97   7.95   7.61   0.97   3.55   0.52
clusters[26] =   8.80   3.69   6.57   6.61   5.50   1.36   0.42   4.83   9.92   1.84   6.19   6.94   9.02   0.37   2.49   5.38
clusters[27] =   8.84   5.90   0.48   6.62   5.01   7.49   4.28   6.03   0.88   4.27   7.41   5.93   0.41   9.77   1.42   0.22
clusters[28] =   8.87   8.12   4.39   6.62   4.52   3.62   8.13   7.24   1.85   6.71   8.63   4.92   1.81   9.17   0.35   5.07
clusters[29] =   9.90   1.35   6.63   1.06   9.10   7.96   2.73   6.38   3.82   6.04   8.85   8.61   8.24   5.14   8.64   8.24
clusters[30] =   9.93   3.57   0.54   1.06   8.61   4.09   6.58   7.58   4.79   8.48   0.07   7.60   9.64   4.54   7.57   3.08
clusters[31] =   9.97   5.78   4.44   1.06   8.12   0.21   0.43   8.79   5.76   0.90   1.29   6.59   1.04   3.95   6.50   7.93

OpenMP Kmeans - Reduction       (number of threads: 1)
        completed loop 10
        nloops =  10   (total = 12.6385s)  (per loop =  1.2639s)

Final cluster centers:
clusters[0] =   2.66   6.72   6.29   3.06   6.03   6.10   5.59   6.67   5.41   4.21   4.90   6.44   3.53   2.64   5.55   3.10
clusters[1] =   3.20   2.77   3.98   5.57   3.74   2.91   6.55   6.36   5.67   2.88   5.04   6.62   6.89   6.80   5.47   5.05
clusters[2] =   3.29   5.41   5.51   6.54   2.76   6.92   3.88   3.24   7.38   4.52   5.32   6.97   3.64   6.08   5.05   3.27
clusters[3] =   2.51   5.27   6.70   4.41   3.52   3.80   5.18   3.09   2.27   6.10   5.49   6.89   3.59   6.38   5.28   5.60
clusters[4] =  37.33  75.48  33.98  73.81  60.40  58.25  29.95  34.55  41.13  66.63  49.84  30.58  67.91  52.97  77.65  70.45
clusters[5] = 5064.38 5046.37 8870.06 11928.52 9050.65 6247.24 7995.67 5916.59 6289.32 11627.66 9276.86 12000.53 12494.33 7909.07 11799.65 6911.04
clusters[6] = 398.56 403.47 736.97 685.06 503.24 687.01 727.41 375.57 505.57 308.24 623.22 714.41 301.74 415.24 651.58 667.24
clusters[7] =  10.41  17.60  10.54  21.85  14.65  16.25  11.45  14.78  16.10  13.60  21.97  20.71  10.71  10.85  18.37  12.11
clusters[8] =   3.42   6.67   4.20   4.96   7.22   6.90   6.20   2.76   6.41   3.92   6.99   3.48   6.20   6.54   4.98   5.67
clusters[9] =   4.26   3.10   6.70   5.06   7.11   5.63   3.47   4.69   6.05   5.27   2.77   2.58   3.79   6.83   4.54   3.03
clusters[10] =   3.64   4.53   3.53   4.98   6.82   3.61   4.92   5.67   7.08   7.02   3.32   7.20   3.21   6.17   3.98   6.40
clusters[11] =   3.99   5.76   4.04   6.65   3.30   5.78   6.81   4.97   3.71   6.98   3.05   4.04   6.75   3.88   3.00   7.09
clusters[12] =   4.15   6.65   6.78   6.67   3.43   3.77   4.01   5.63   3.44   2.66   3.50   3.69   7.11   4.37   3.11   3.86
clusters[13] =   4.49   3.18   3.51   5.93   3.25   7.11   6.80   6.67   4.67   3.40   5.13   3.54   3.05   4.11   6.45   7.08
clusters[14] =   4.82   4.10   6.05   6.67   2.81   4.69   2.73   6.93   4.42   5.91   5.41   2.88   3.78   3.32   6.81   3.94
clusters[15] =   5.15   5.68   7.55   4.33   5.14   7.31   5.03   7.12   5.82   4.33   5.33   4.32   6.84   6.79   5.74   6.54
clusters[16] =   4.35   6.81   2.80   4.24   4.98   4.64   6.64   7.42   6.28   6.11   6.68   3.33   6.97   5.51   5.30   3.05
clusters[17] =   5.07   3.10   5.88   3.74   4.76   3.25   4.39   2.83   6.66   6.97   7.14   2.88   3.51   5.28   4.69   6.33
clusters[18] =   4.86   3.99   6.94   6.15   7.06   4.84   6.31   7.07   2.97   6.76   6.83   5.41   6.25   3.12   3.75   6.81
clusters[19] =   5.00   5.24   3.49   5.34   6.84   3.36   3.52   2.81   2.61   3.35   7.06   4.71   6.94   3.75   3.63   4.50
clusters[20] =   6.23   6.80   6.16   5.76   6.69   6.90   5.00   3.06   4.20   4.30   3.12   4.55   2.82   3.18   3.21   6.77
clusters[21] =   5.35   3.50   3.33   6.09   6.76   3.90   7.35   3.31   3.83   4.89   3.66   3.62   3.42   3.31   7.23   3.97
clusters[22] =   6.00   4.16   3.27   3.55   3.31   7.13   3.79   3.02   4.57   4.80   3.27   5.80   6.68   5.59   6.23   6.76
clusters[23] =   6.52   5.96   6.86   3.46   3.13   4.08   6.76   3.33   5.29   6.20   4.11   5.09   6.96   5.12   6.17   3.05
clusters[24] =   5.90   7.12   2.74   3.36   2.79   2.98   3.92   4.45   6.20   2.93   5.18   4.19   3.14   4.88   5.29   6.05
clusters[25] =   6.79   3.38   3.91   6.19   5.40   6.16   5.90   4.32   7.13   6.98   5.36   6.44   5.78   2.77   3.53   2.66
clusters[26] =   6.57   4.36   6.38   5.99   5.21   3.26   3.01   4.93   7.75   3.18   5.70   6.19   7.01   3.11   3.82   5.59
clusters[27] =   6.60   4.87   2.92   5.43   5.04   7.10   3.95   5.61   2.79   4.15   5.75   5.56   3.26   7.10   3.64   2.50
clusters[28] =   7.28   6.74   5.27   6.05   4.69   3.59   6.77   6.46   3.79   5.96   6.94   4.95   2.99   7.08   3.32   5.31
clusters[29] =   6.66   3.22   5.72   3.14   6.80   6.35   3.43   5.30   3.92   5.68   7.64   7.10   5.52   4.98   7.10   5.99
clusters[30] =   6.58   4.83   2.91   3.42   7.02   4.19   4.90   6.87   3.71   6.59   2.44   5.94   7.23   4.87   6.26   3.80
clusters[31] =   7.09   5.26   5.85   3.68   6.79   2.74   3.36   6.81   4.45   3.04   3.08   5.84   3.05   4.87   6.37   6.50

~~~~~~~~~~~~~~~~~~~~~~~~~~~~~~~~~~~~~~~~~~~~~~~~~~~~~~~~~~~~~~~~~~~~~~~~~~~~~~~~

dataset_size = 256.00 MB    numObjs = 2097152    numCoords = 16    numClusters = 32
Initial cluster centers:
clusters[0] =   0.00   8.00   8.35   1.07   7.63   6.35   4.28  10.00   6.72   3.34   2.51   5.59   2.44   3.35   5.44   2.78
clusters[1] =   1.02   1.22   0.58   5.50   2.22   0.68   8.89   9.14   8.69   2.67   2.72   9.27   8.86   9.32   3.71   5.94
clusters[2] =   1.06   3.44   4.49   5.51   1.72   6.81   2.74   0.34   9.66   5.11   3.94   8.26   0.26   8.72   2.65   0.79
clusters[3] =   1.09   5.65   8.40   5.51   1.24   2.93   6.59   1.55   0.63   7.55   5.17   7.26   1.66   8.13   1.58   5.64
clusters[4] =   2.11   8.89   0.64   9.95   5.82   7.27   1.19   0.69   2.60   6.88   5.37   0.94   8.08   4.10   9.86   8.81
clusters[5] =   2.15   1.10   4.54   9.95   5.33   3.41   5.04   1.90   3.57   9.32   6.60   9.93   9.48   3.50   8.79   3.65
clusters[6] =   2.19   3.31   8.45   9.95   4.84   9.53   8.89   3.10   4.54   1.75   7.82   8.93   0.88   2.90   7.73   8.51
clusters[7] =   2.22   5.52   2.35   9.95   4.36   5.66   2.74   4.31   5.50   4.19   9.05   7.92   2.28   2.31   6.67   3.35
clusters[8] =   3.24   8.76   4.60   4.39   8.94  10.00   7.35   3.45   7.47   3.51   9.25   1.60   8.70   8.28   4.95   6.52
clusters[9] =   3.28   0.97   8.50   4.40   8.45   6.13   1.20   4.66   8.45   5.95   0.48   0.60   0.11   7.68   3.88   1.37
clusters[10] =   3.32   3.19   2.41   4.40   7.96   2.26   5.05   5.86   9.41   8.38   1.70   9.59   1.50   7.08   2.82   6.21
clusters[11] =   4.33   6.41   4.65   8.84   2.54   6.59   9.65   5.00   1.38   7.72   1.90   3.28   7.93   3.06   1.09   9.38
clusters[12] =   4.37   8.63   8.55   8.83   2.05   2.72   3.50   6.21   2.35   0.15   3.13   2.27   9.33   2.46   0.03   4.23
clusters[13] =   4.40   0.84   2.46   8.84   1.56   8.85   7.35   7.42   3.32   2.59   4.35   1.26   0.73   1.86   8.96   9.07
clusters[14] =   4.43   3.06   6.37   8.84   1.07   4.98   1.20   8.62   4.28   5.03   5.57   0.26   2.12   1.26   7.90   3.92
clusters[15] =   5.46   6.28   8.61   3.28   5.66   9.32   5.81   7.76   6.26   4.35   5.79   3.94   8.55   7.23   6.17   7.09
clusters[16] =   5.50   8.51   2.51   3.28   5.17   5.45   9.66   8.97   7.22   6.79   7.01   2.93   9.95   6.63   5.11   1.94
clusters[17] =   5.53   0.72   6.42   3.29   4.68   1.58   3.51   0.18   8.19   9.23   8.23   1.93   1.34   6.04   4.04   6.79
clusters[18] =   6.55   3.95   8.66   7.72   9.27   5.91   8.11   9.31   0.16   8.56   8.44   5.61   7.77   2.01   2.32   9.95
clusters[19] =   6.59   6.16   2.57   7.73   8.78   2.04   1.96   0.52   1.13   0.99   9.66   4.60   9.17   1.42   1.26   4.80
clusters[20] =   6.62   8.38   6.47   7.73   8.29   8.17   5.81   1.73   2.10   3.43   0.88   3.60   0.57   0.81   0.19   9.65
clusters[21] =   6.66   0.59   0.38   7.73   7.80   4.30   9.67   2.93   3.07   5.87   2.11   2.59   1.97   0.22   9.12   4.50
clusters[22] =   7.68   3.82   2.61   2.17   2.38   8.64   4.27   2.07   5.04   5.19   2.31   6.27   8.40   6.19   7.41   7.66
clusters[23] =   7.71   6.03   6.52   2.17   1.89   4.77   8.12   3.28   6.01   7.63   3.54   5.27   9.79   5.59   6.34   2.51
clusters[24] =   7.75   8.25   0.42   2.18   1.40   0.90   1.97   4.48   6.97   0.07   4.76   4.26   1.19   4.99   5.27   7.36
clusters[25] =   8.77   1.48   2.67   6.61   5.98   5.23   6.57   3.62   8.94   9.40   4.97   7.95   7.61   0.97   3.55   0.52
clusters[26] =   8.80   3.69   6.57   6.61   5.50   1.36   0.42   4.83   9.92   1.84   6.19   6.94   9.02   0.37   2.49   5.38
clusters[27] =   8.84   5.90   0.48   6.62   5.01   7.49   4.28   6.03   0.88   4.27   7.41   5.93   0.41   9.77   1.42   0.22
clusters[28] =   8.87   8.12   4.39   6.62   4.52   3.62   8.13   7.24   1.85   6.71   8.63   4.92   1.81   9.17   0.35   5.07
clusters[29] =   9.90   1.35   6.63   1.06   9.10   7.96   2.73   6.38   3.82   6.04   8.85   8.61   8.24   5.14   8.64   8.24
clusters[30] =   9.93   3.57   0.54   1.06   8.61   4.09   6.58   7.58   4.79   8.48   0.07   7.60   9.64   4.54   7.57   3.08
clusters[31] =   9.97   5.78   4.44   1.06   8.12   0.21   0.43   8.79   5.76   0.90   1.29   6.59   1.04   3.95   6.50   7.93

OpenMP Kmeans - Reduction       (number of threads: 2)
        completed loop 10
        nloops =  10   (total =  6.3647s)  (per loop =  0.6365s)

Final cluster centers:
clusters[0] =   2.66   6.72   6.29   3.06   6.03   6.10   5.59   6.67   5.41   4.21   4.90   6.44   3.53   2.64   5.55   3.10
clusters[1] =   3.20   2.77   3.98   5.57   3.74   2.91   6.55   6.36   5.67   2.88   5.04   6.62   6.89   6.80   5.47   5.05
clusters[2] =   3.29   5.41   5.51   6.54   2.76   6.92   3.88   3.24   7.38   4.52   5.32   6.97   3.64   6.08   5.05   3.27
clusters[3] =   2.51   5.27   6.70   4.41   3.52   3.80   5.18   3.09   2.27   6.10   5.49   6.89   3.59   6.38   5.28   5.60
clusters[4] =  37.33  75.48  33.98  73.81  60.40  58.25  29.95  34.55  41.13  66.63  49.84  30.58  67.91  52.97  77.65  70.45
clusters[5] = 5064.38 5046.37 8870.06 11928.52 9050.65 6247.24 7995.67 5916.59 6289.32 11627.66 9276.86 12000.53 12494.33 7909.07 11799.65 6911.04
clusters[6] = 398.56 403.47 736.97 685.06 503.24 687.01 727.41 375.57 505.57 308.24 623.22 714.41 301.74 415.24 651.58 667.24
clusters[7] =  10.41  17.60  10.54  21.85  14.65  16.25  11.45  14.78  16.10  13.60  21.97  20.71  10.71  10.85  18.37  12.11
clusters[8] =   3.42   6.67   4.20   4.96   7.22   6.90   6.20   2.76   6.41   3.92   6.99   3.48   6.20   6.54   4.98   5.67
clusters[9] =   4.26   3.10   6.70   5.06   7.11   5.63   3.47   4.69   6.05   5.27   2.77   2.58   3.79   6.83   4.54   3.03
clusters[10] =   3.64   4.53   3.53   4.98   6.82   3.61   4.92   5.67   7.08   7.02   3.32   7.20   3.21   6.17   3.98   6.40
clusters[11] =   3.99   5.76   4.04   6.65   3.30   5.78   6.81   4.97   3.71   6.98   3.05   4.04   6.75   3.88   3.00   7.09
clusters[12] =   4.15   6.65   6.78   6.67   3.43   3.77   4.01   5.63   3.44   2.66   3.50   3.69   7.11   4.37   3.11   3.86
clusters[13] =   4.49   3.18   3.51   5.93   3.25   7.11   6.80   6.67   4.67   3.40   5.13   3.54   3.05   4.11   6.45   7.08
clusters[14] =   4.82   4.10   6.05   6.67   2.81   4.69   2.73   6.93   4.42   5.91   5.41   2.88   3.78   3.32   6.81   3.94
clusters[15] =   5.15   5.68   7.55   4.33   5.14   7.31   5.03   7.12   5.82   4.33   5.33   4.32   6.84   6.79   5.74   6.54
clusters[16] =   4.35   6.81   2.80   4.24   4.98   4.64   6.64   7.42   6.28   6.11   6.68   3.33   6.97   5.51   5.30   3.05
clusters[17] =   5.07   3.10   5.88   3.74   4.76   3.25   4.39   2.83   6.66   6.97   7.14   2.88   3.51   5.28   4.69   6.33
clusters[18] =   4.86   3.99   6.94   6.15   7.06   4.84   6.31   7.07   2.97   6.76   6.83   5.41   6.25   3.12   3.75   6.81
clusters[19] =   5.00   5.24   3.49   5.34   6.84   3.36   3.52   2.81   2.61   3.35   7.06   4.71   6.94   3.75   3.63   4.50
clusters[20] =   6.23   6.80   6.16   5.76   6.69   6.90   5.00   3.06   4.20   4.30   3.12   4.55   2.82   3.18   3.21   6.77
clusters[21] =   5.35   3.50   3.33   6.09   6.76   3.90   7.35   3.31   3.83   4.89   3.66   3.62   3.42   3.31   7.23   3.97
clusters[22] =   6.00   4.16   3.27   3.55   3.31   7.13   3.79   3.02   4.57   4.80   3.27   5.80   6.68   5.59   6.23   6.76
clusters[23] =   6.52   5.96   6.86   3.46   3.13   4.08   6.76   3.33   5.29   6.20   4.11   5.09   6.96   5.12   6.17   3.05
clusters[24] =   5.90   7.12   2.74   3.36   2.79   2.98   3.92   4.45   6.20   2.93   5.18   4.19   3.14   4.88   5.29   6.05
clusters[25] =   6.79   3.38   3.91   6.19   5.40   6.16   5.90   4.32   7.13   6.98   5.36   6.44   5.78   2.77   3.53   2.66
clusters[26] =   6.57   4.36   6.38   5.99   5.21   3.26   3.01   4.93   7.75   3.18   5.70   6.19   7.01   3.11   3.82   5.59
clusters[27] =   6.60   4.87   2.92   5.43   5.04   7.10   3.95   5.61   2.79   4.15   5.75   5.56   3.26   7.10   3.64   2.50
clusters[28] =   7.28   6.74   5.27   6.05   4.69   3.59   6.77   6.46   3.79   5.96   6.94   4.95   2.99   7.08   3.32   5.31
clusters[29] =   6.66   3.22   5.72   3.14   6.80   6.35   3.43   5.30   3.92   5.68   7.64   7.10   5.52   4.98   7.10   5.99
clusters[30] =   6.58   4.83   2.91   3.42   7.02   4.19   4.90   6.87   3.71   6.59   2.44   5.94   7.23   4.87   6.26   3.80
clusters[31] =   7.09   5.26   5.85   3.68   6.79   2.74   3.36   6.81   4.45   3.04   3.08   5.84   3.05   4.87   6.37   6.50

~~~~~~~~~~~~~~~~~~~~~~~~~~~~~~~~~~~~~~~~~~~~~~~~~~~~~~~~~~~~~~~~~~~~~~~~~~~~~~~~

dataset_size = 256.00 MB    numObjs = 2097152    numCoords = 16    numClusters = 32
Initial cluster centers:
clusters[0] =   0.00   8.00   8.35   1.07   7.63   6.35   4.28  10.00   6.72   3.34   2.51   5.59   2.44   3.35   5.44   2.78
clusters[1] =   1.02   1.22   0.58   5.50   2.22   0.68   8.89   9.14   8.69   2.67   2.72   9.27   8.86   9.32   3.71   5.94
clusters[2] =   1.06   3.44   4.49   5.51   1.72   6.81   2.74   0.34   9.66   5.11   3.94   8.26   0.26   8.72   2.65   0.79
clusters[3] =   1.09   5.65   8.40   5.51   1.24   2.93   6.59   1.55   0.63   7.55   5.17   7.26   1.66   8.13   1.58   5.64
clusters[4] =   2.11   8.89   0.64   9.95   5.82   7.27   1.19   0.69   2.60   6.88   5.37   0.94   8.08   4.10   9.86   8.81
clusters[5] =   2.15   1.10   4.54   9.95   5.33   3.41   5.04   1.90   3.57   9.32   6.60   9.93   9.48   3.50   8.79   3.65
clusters[6] =   2.19   3.31   8.45   9.95   4.84   9.53   8.89   3.10   4.54   1.75   7.82   8.93   0.88   2.90   7.73   8.51
clusters[7] =   2.22   5.52   2.35   9.95   4.36   5.66   2.74   4.31   5.50   4.19   9.05   7.92   2.28   2.31   6.67   3.35
clusters[8] =   3.24   8.76   4.60   4.39   8.94  10.00   7.35   3.45   7.47   3.51   9.25   1.60   8.70   8.28   4.95   6.52
clusters[9] =   3.28   0.97   8.50   4.40   8.45   6.13   1.20   4.66   8.45   5.95   0.48   0.60   0.11   7.68   3.88   1.37
clusters[10] =   3.32   3.19   2.41   4.40   7.96   2.26   5.05   5.86   9.41   8.38   1.70   9.59   1.50   7.08   2.82   6.21
clusters[11] =   4.33   6.41   4.65   8.84   2.54   6.59   9.65   5.00   1.38   7.72   1.90   3.28   7.93   3.06   1.09   9.38
clusters[12] =   4.37   8.63   8.55   8.83   2.05   2.72   3.50   6.21   2.35   0.15   3.13   2.27   9.33   2.46   0.03   4.23
clusters[13] =   4.40   0.84   2.46   8.84   1.56   8.85   7.35   7.42   3.32   2.59   4.35   1.26   0.73   1.86   8.96   9.07
clusters[14] =   4.43   3.06   6.37   8.84   1.07   4.98   1.20   8.62   4.28   5.03   5.57   0.26   2.12   1.26   7.90   3.92
clusters[15] =   5.46   6.28   8.61   3.28   5.66   9.32   5.81   7.76   6.26   4.35   5.79   3.94   8.55   7.23   6.17   7.09
clusters[16] =   5.50   8.51   2.51   3.28   5.17   5.45   9.66   8.97   7.22   6.79   7.01   2.93   9.95   6.63   5.11   1.94
clusters[17] =   5.53   0.72   6.42   3.29   4.68   1.58   3.51   0.18   8.19   9.23   8.23   1.93   1.34   6.04   4.04   6.79
clusters[18] =   6.55   3.95   8.66   7.72   9.27   5.91   8.11   9.31   0.16   8.56   8.44   5.61   7.77   2.01   2.32   9.95
clusters[19] =   6.59   6.16   2.57   7.73   8.78   2.04   1.96   0.52   1.13   0.99   9.66   4.60   9.17   1.42   1.26   4.80
clusters[20] =   6.62   8.38   6.47   7.73   8.29   8.17   5.81   1.73   2.10   3.43   0.88   3.60   0.57   0.81   0.19   9.65
clusters[21] =   6.66   0.59   0.38   7.73   7.80   4.30   9.67   2.93   3.07   5.87   2.11   2.59   1.97   0.22   9.12   4.50
clusters[22] =   7.68   3.82   2.61   2.17   2.38   8.64   4.27   2.07   5.04   5.19   2.31   6.27   8.40   6.19   7.41   7.66
clusters[23] =   7.71   6.03   6.52   2.17   1.89   4.77   8.12   3.28   6.01   7.63   3.54   5.27   9.79   5.59   6.34   2.51
clusters[24] =   7.75   8.25   0.42   2.18   1.40   0.90   1.97   4.48   6.97   0.07   4.76   4.26   1.19   4.99   5.27   7.36
clusters[25] =   8.77   1.48   2.67   6.61   5.98   5.23   6.57   3.62   8.94   9.40   4.97   7.95   7.61   0.97   3.55   0.52
clusters[26] =   8.80   3.69   6.57   6.61   5.50   1.36   0.42   4.83   9.92   1.84   6.19   6.94   9.02   0.37   2.49   5.38
clusters[27] =   8.84   5.90   0.48   6.62   5.01   7.49   4.28   6.03   0.88   4.27   7.41   5.93   0.41   9.77   1.42   0.22
clusters[28] =   8.87   8.12   4.39   6.62   4.52   3.62   8.13   7.24   1.85   6.71   8.63   4.92   1.81   9.17   0.35   5.07
clusters[29] =   9.90   1.35   6.63   1.06   9.10   7.96   2.73   6.38   3.82   6.04   8.85   8.61   8.24   5.14   8.64   8.24
clusters[30] =   9.93   3.57   0.54   1.06   8.61   4.09   6.58   7.58   4.79   8.48   0.07   7.60   9.64   4.54   7.57   3.08
clusters[31] =   9.97   5.78   4.44   1.06   8.12   0.21   0.43   8.79   5.76   0.90   1.29   6.59   1.04   3.95   6.50   7.93

OpenMP Kmeans - Reduction       (number of threads: 4)
        completed loop 10
        nloops =  10   (total =  3.3174s)  (per loop =  0.3317s)

Final cluster centers:
clusters[0] =   2.66   6.72   6.29   3.06   6.03   6.10   5.59   6.67   5.41   4.21   4.90   6.44   3.53   2.64   5.55   3.10
clusters[1] =   3.20   2.77   3.98   5.57   3.74   2.91   6.55   6.36   5.67   2.88   5.04   6.62   6.89   6.80   5.47   5.05
clusters[2] =   3.29   5.41   5.51   6.54   2.76   6.92   3.88   3.24   7.38   4.52   5.32   6.97   3.64   6.08   5.05   3.27
clusters[3] =   2.51   5.27   6.70   4.41   3.52   3.80   5.18   3.09   2.27   6.10   5.49   6.89   3.59   6.38   5.28   5.60
clusters[4] =  37.33  75.48  33.98  73.81  60.40  58.25  29.95  34.55  41.13  66.63  49.84  30.58  67.91  52.97  77.65  70.45
clusters[5] = 5064.38 5046.37 8870.06 11928.52 9050.65 6247.24 7995.67 5916.59 6289.32 11627.66 9276.86 12000.53 12494.33 7909.07 11799.65 6911.04
clusters[6] = 398.56 403.47 736.97 685.06 503.24 687.01 727.41 375.57 505.57 308.24 623.22 714.41 301.74 415.24 651.58 667.24
clusters[7] =  10.41  17.60  10.54  21.85  14.65  16.25  11.45  14.78  16.10  13.60  21.97  20.71  10.71  10.85  18.37  12.11
clusters[8] =   3.42   6.67   4.20   4.96   7.22   6.90   6.20   2.76   6.41   3.92   6.99   3.48   6.20   6.54   4.98   5.67
clusters[9] =   4.26   3.10   6.70   5.06   7.11   5.63   3.47   4.69   6.05   5.27   2.77   2.58   3.79   6.83   4.54   3.03
clusters[10] =   3.64   4.53   3.53   4.98   6.82   3.61   4.92   5.67   7.08   7.02   3.32   7.20   3.21   6.17   3.98   6.40
clusters[11] =   3.99   5.76   4.04   6.65   3.30   5.78   6.81   4.97   3.71   6.98   3.05   4.04   6.75   3.88   3.00   7.09
clusters[12] =   4.15   6.65   6.78   6.67   3.43   3.77   4.01   5.63   3.44   2.66   3.50   3.69   7.11   4.37   3.11   3.86
clusters[13] =   4.49   3.18   3.51   5.93   3.25   7.11   6.80   6.67   4.67   3.40   5.13   3.54   3.05   4.11   6.45   7.08
clusters[14] =   4.82   4.10   6.05   6.67   2.81   4.69   2.73   6.93   4.42   5.91   5.41   2.88   3.78   3.32   6.81   3.94
clusters[15] =   5.15   5.68   7.55   4.33   5.14   7.31   5.03   7.12   5.82   4.33   5.33   4.32   6.84   6.79   5.74   6.54
clusters[16] =   4.35   6.81   2.80   4.24   4.98   4.64   6.64   7.42   6.28   6.11   6.68   3.33   6.97   5.51   5.30   3.05
clusters[17] =   5.07   3.10   5.88   3.74   4.76   3.25   4.39   2.83   6.66   6.97   7.14   2.88   3.51   5.28   4.69   6.33
clusters[18] =   4.86   3.99   6.94   6.15   7.06   4.84   6.31   7.07   2.97   6.76   6.83   5.41   6.25   3.12   3.75   6.81
clusters[19] =   5.00   5.24   3.49   5.34   6.84   3.36   3.52   2.81   2.61   3.35   7.06   4.71   6.94   3.75   3.63   4.50
clusters[20] =   6.23   6.80   6.16   5.76   6.69   6.90   5.00   3.06   4.20   4.30   3.12   4.55   2.82   3.18   3.21   6.77
clusters[21] =   5.35   3.50   3.33   6.09   6.76   3.90   7.35   3.31   3.83   4.89   3.66   3.62   3.42   3.31   7.23   3.97
clusters[22] =   6.00   4.16   3.27   3.55   3.31   7.13   3.79   3.02   4.57   4.80   3.27   5.80   6.68   5.59   6.23   6.76
clusters[23] =   6.52   5.96   6.86   3.46   3.13   4.08   6.76   3.33   5.29   6.20   4.11   5.09   6.96   5.12   6.17   3.05
clusters[24] =   5.90   7.12   2.74   3.36   2.79   2.98   3.92   4.45   6.20   2.93   5.18   4.19   3.14   4.88   5.29   6.05
clusters[25] =   6.79   3.38   3.91   6.19   5.40   6.16   5.90   4.32   7.13   6.98   5.36   6.44   5.78   2.77   3.53   2.66
clusters[26] =   6.57   4.36   6.38   5.99   5.21   3.26   3.01   4.93   7.75   3.18   5.70   6.19   7.01   3.11   3.82   5.59
clusters[27] =   6.60   4.87   2.92   5.43   5.04   7.10   3.95   5.61   2.79   4.15   5.75   5.56   3.26   7.10   3.64   2.50
clusters[28] =   7.28   6.74   5.27   6.05   4.69   3.59   6.77   6.46   3.79   5.96   6.94   4.95   2.99   7.08   3.32   5.31
clusters[29] =   6.66   3.22   5.72   3.14   6.80   6.35   3.43   5.30   3.92   5.68   7.64   7.10   5.52   4.98   7.10   5.99
clusters[30] =   6.58   4.83   2.91   3.42   7.02   4.19   4.90   6.87   3.71   6.59   2.44   5.94   7.23   4.87   6.26   3.80
clusters[31] =   7.09   5.26   5.85   3.68   6.79   2.74   3.36   6.81   4.45   3.04   3.08   5.84   3.05   4.87   6.37   6.50

~~~~~~~~~~~~~~~~~~~~~~~~~~~~~~~~~~~~~~~~~~~~~~~~~~~~~~~~~~~~~~~~~~~~~~~~~~~~~~~~

dataset_size = 256.00 MB    numObjs = 2097152    numCoords = 16    numClusters = 32
Initial cluster centers:
clusters[0] =   0.00   8.00   8.35   1.07   7.63   6.35   4.28  10.00   6.72   3.34   2.51   5.59   2.44   3.35   5.44   2.78
clusters[1] =   1.02   1.22   0.58   5.50   2.22   0.68   8.89   9.14   8.69   2.67   2.72   9.27   8.86   9.32   3.71   5.94
clusters[2] =   1.06   3.44   4.49   5.51   1.72   6.81   2.74   0.34   9.66   5.11   3.94   8.26   0.26   8.72   2.65   0.79
clusters[3] =   1.09   5.65   8.40   5.51   1.24   2.93   6.59   1.55   0.63   7.55   5.17   7.26   1.66   8.13   1.58   5.64
clusters[4] =   2.11   8.89   0.64   9.95   5.82   7.27   1.19   0.69   2.60   6.88   5.37   0.94   8.08   4.10   9.86   8.81
clusters[5] =   2.15   1.10   4.54   9.95   5.33   3.41   5.04   1.90   3.57   9.32   6.60   9.93   9.48   3.50   8.79   3.65
clusters[6] =   2.19   3.31   8.45   9.95   4.84   9.53   8.89   3.10   4.54   1.75   7.82   8.93   0.88   2.90   7.73   8.51
clusters[7] =   2.22   5.52   2.35   9.95   4.36   5.66   2.74   4.31   5.50   4.19   9.05   7.92   2.28   2.31   6.67   3.35
clusters[8] =   3.24   8.76   4.60   4.39   8.94  10.00   7.35   3.45   7.47   3.51   9.25   1.60   8.70   8.28   4.95   6.52
clusters[9] =   3.28   0.97   8.50   4.40   8.45   6.13   1.20   4.66   8.45   5.95   0.48   0.60   0.11   7.68   3.88   1.37
clusters[10] =   3.32   3.19   2.41   4.40   7.96   2.26   5.05   5.86   9.41   8.38   1.70   9.59   1.50   7.08   2.82   6.21
clusters[11] =   4.33   6.41   4.65   8.84   2.54   6.59   9.65   5.00   1.38   7.72   1.90   3.28   7.93   3.06   1.09   9.38
clusters[12] =   4.37   8.63   8.55   8.83   2.05   2.72   3.50   6.21   2.35   0.15   3.13   2.27   9.33   2.46   0.03   4.23
clusters[13] =   4.40   0.84   2.46   8.84   1.56   8.85   7.35   7.42   3.32   2.59   4.35   1.26   0.73   1.86   8.96   9.07
clusters[14] =   4.43   3.06   6.37   8.84   1.07   4.98   1.20   8.62   4.28   5.03   5.57   0.26   2.12   1.26   7.90   3.92
clusters[15] =   5.46   6.28   8.61   3.28   5.66   9.32   5.81   7.76   6.26   4.35   5.79   3.94   8.55   7.23   6.17   7.09
clusters[16] =   5.50   8.51   2.51   3.28   5.17   5.45   9.66   8.97   7.22   6.79   7.01   2.93   9.95   6.63   5.11   1.94
clusters[17] =   5.53   0.72   6.42   3.29   4.68   1.58   3.51   0.18   8.19   9.23   8.23   1.93   1.34   6.04   4.04   6.79
clusters[18] =   6.55   3.95   8.66   7.72   9.27   5.91   8.11   9.31   0.16   8.56   8.44   5.61   7.77   2.01   2.32   9.95
clusters[19] =   6.59   6.16   2.57   7.73   8.78   2.04   1.96   0.52   1.13   0.99   9.66   4.60   9.17   1.42   1.26   4.80
clusters[20] =   6.62   8.38   6.47   7.73   8.29   8.17   5.81   1.73   2.10   3.43   0.88   3.60   0.57   0.81   0.19   9.65
clusters[21] =   6.66   0.59   0.38   7.73   7.80   4.30   9.67   2.93   3.07   5.87   2.11   2.59   1.97   0.22   9.12   4.50
clusters[22] =   7.68   3.82   2.61   2.17   2.38   8.64   4.27   2.07   5.04   5.19   2.31   6.27   8.40   6.19   7.41   7.66
clusters[23] =   7.71   6.03   6.52   2.17   1.89   4.77   8.12   3.28   6.01   7.63   3.54   5.27   9.79   5.59   6.34   2.51
clusters[24] =   7.75   8.25   0.42   2.18   1.40   0.90   1.97   4.48   6.97   0.07   4.76   4.26   1.19   4.99   5.27   7.36
clusters[25] =   8.77   1.48   2.67   6.61   5.98   5.23   6.57   3.62   8.94   9.40   4.97   7.95   7.61   0.97   3.55   0.52
clusters[26] =   8.80   3.69   6.57   6.61   5.50   1.36   0.42   4.83   9.92   1.84   6.19   6.94   9.02   0.37   2.49   5.38
clusters[27] =   8.84   5.90   0.48   6.62   5.01   7.49   4.28   6.03   0.88   4.27   7.41   5.93   0.41   9.77   1.42   0.22
clusters[28] =   8.87   8.12   4.39   6.62   4.52   3.62   8.13   7.24   1.85   6.71   8.63   4.92   1.81   9.17   0.35   5.07
clusters[29] =   9.90   1.35   6.63   1.06   9.10   7.96   2.73   6.38   3.82   6.04   8.85   8.61   8.24   5.14   8.64   8.24
clusters[30] =   9.93   3.57   0.54   1.06   8.61   4.09   6.58   7.58   4.79   8.48   0.07   7.60   9.64   4.54   7.57   3.08
clusters[31] =   9.97   5.78   4.44   1.06   8.12   0.21   0.43   8.79   5.76   0.90   1.29   6.59   1.04   3.95   6.50   7.93

OpenMP Kmeans - Reduction       (number of threads: 8)
        completed loop 10
        nloops =  10   (total =  1.8000s)  (per loop =  0.1800s)

Final cluster centers:
clusters[0] =   2.66   6.72   6.29   3.06   6.03   6.10   5.59   6.67   5.41   4.21   4.90   6.44   3.53   2.64   5.55   3.10
clusters[1] =   3.20   2.77   3.98   5.57   3.74   2.91   6.55   6.36   5.67   2.88   5.04   6.62   6.89   6.80   5.47   5.05
clusters[2] =   3.29   5.41   5.51   6.54   2.76   6.92   3.88   3.24   7.38   4.52   5.32   6.97   3.64   6.08   5.05   3.27
clusters[3] =   2.51   5.27   6.70   4.41   3.52   3.80   5.18   3.09   2.27   6.10   5.49   6.89   3.59   6.38   5.28   5.60
clusters[4] =  37.33  75.48  33.98  73.81  60.40  58.25  29.95  34.55  41.13  66.63  49.84  30.58  67.91  52.97  77.65  70.45
clusters[5] = 5064.38 5046.37 8870.06 11928.52 9050.65 6247.24 7995.67 5916.59 6289.32 11627.66 9276.86 12000.53 12494.33 7909.07 11799.65 6911.04
clusters[6] = 398.56 403.47 736.97 685.06 503.24 687.01 727.41 375.57 505.57 308.24 623.22 714.41 301.74 415.24 651.58 667.24
clusters[7] =  10.41  17.60  10.54  21.85  14.65  16.25  11.45  14.78  16.10  13.60  21.97  20.71  10.71  10.85  18.37  12.11
clusters[8] =   3.42   6.67   4.20   4.96   7.22   6.90   6.20   2.76   6.41   3.92   6.99   3.48   6.20   6.54   4.98   5.67
clusters[9] =   4.26   3.10   6.70   5.06   7.11   5.63   3.47   4.69   6.05   5.27   2.77   2.58   3.79   6.83   4.54   3.03
clusters[10] =   3.64   4.53   3.53   4.98   6.82   3.61   4.92   5.67   7.08   7.02   3.32   7.20   3.21   6.17   3.98   6.40
clusters[11] =   3.99   5.76   4.04   6.65   3.30   5.78   6.81   4.97   3.71   6.98   3.05   4.04   6.75   3.88   3.00   7.09
clusters[12] =   4.15   6.65   6.78   6.67   3.43   3.77   4.01   5.63   3.44   2.66   3.50   3.69   7.11   4.37   3.11   3.86
clusters[13] =   4.49   3.18   3.51   5.93   3.25   7.11   6.80   6.67   4.67   3.40   5.13   3.54   3.05   4.11   6.45   7.08
clusters[14] =   4.82   4.10   6.05   6.67   2.81   4.69   2.73   6.93   4.42   5.91   5.41   2.88   3.78   3.32   6.81   3.94
clusters[15] =   5.15   5.68   7.55   4.33   5.14   7.31   5.03   7.12   5.82   4.33   5.33   4.32   6.84   6.79   5.74   6.54
clusters[16] =   4.35   6.81   2.80   4.24   4.98   4.64   6.64   7.42   6.28   6.11   6.68   3.33   6.97   5.51   5.30   3.05
clusters[17] =   5.07   3.10   5.88   3.74   4.76   3.25   4.39   2.83   6.66   6.97   7.14   2.88   3.51   5.28   4.69   6.33
clusters[18] =   4.86   3.99   6.94   6.15   7.06   4.84   6.31   7.07   2.97   6.76   6.83   5.41   6.25   3.12   3.75   6.81
clusters[19] =   5.00   5.24   3.49   5.34   6.84   3.36   3.52   2.81   2.61   3.35   7.06   4.71   6.94   3.75   3.63   4.50
clusters[20] =   6.23   6.80   6.16   5.76   6.69   6.90   5.00   3.06   4.20   4.30   3.12   4.55   2.82   3.18   3.21   6.77
clusters[21] =   5.35   3.50   3.33   6.09   6.76   3.90   7.35   3.31   3.83   4.89   3.66   3.62   3.42   3.31   7.23   3.97
clusters[22] =   6.00   4.16   3.27   3.55   3.31   7.13   3.79   3.02   4.57   4.80   3.27   5.80   6.68   5.59   6.23   6.76
clusters[23] =   6.52   5.96   6.86   3.46   3.13   4.08   6.76   3.33   5.29   6.20   4.11   5.09   6.96   5.12   6.17   3.05
clusters[24] =   5.90   7.12   2.74   3.36   2.79   2.98   3.92   4.45   6.20   2.93   5.18   4.19   3.14   4.88   5.29   6.05
clusters[25] =   6.79   3.38   3.91   6.19   5.40   6.16   5.90   4.32   7.13   6.98   5.36   6.44   5.78   2.77   3.53   2.66
clusters[26] =   6.57   4.36   6.38   5.99   5.21   3.26   3.01   4.93   7.75   3.18   5.70   6.19   7.01   3.11   3.82   5.59
clusters[27] =   6.60   4.87   2.92   5.43   5.04   7.10   3.95   5.61   2.79   4.15   5.75   5.56   3.26   7.10   3.64   2.50
clusters[28] =   7.28   6.74   5.27   6.05   4.69   3.59   6.77   6.46   3.79   5.96   6.94   4.95   2.99   7.08   3.32   5.31
clusters[29] =   6.66   3.22   5.72   3.14   6.80   6.35   3.43   5.30   3.92   5.68   7.64   7.10   5.52   4.98   7.10   5.99
clusters[30] =   6.58   4.83   2.91   3.42   7.02   4.19   4.90   6.87   3.71   6.59   2.44   5.94   7.23   4.87   6.26   3.80
clusters[31] =   7.09   5.26   5.85   3.68   6.79   2.74   3.36   6.81   4.45   3.04   3.08   5.84   3.05   4.87   6.37   6.50

~~~~~~~~~~~~~~~~~~~~~~~~~~~~~~~~~~~~~~~~~~~~~~~~~~~~~~~~~~~~~~~~~~~~~~~~~~~~~~~~

dataset_size = 256.00 MB    numObjs = 2097152    numCoords = 16    numClusters = 32
Initial cluster centers:
clusters[0] =   0.00   8.00   8.35   1.07   7.63   6.35   4.28  10.00   6.72   3.34   2.51   5.59   2.44   3.35   5.44   2.78
clusters[1] =   1.02   1.22   0.58   5.50   2.22   0.68   8.89   9.14   8.69   2.67   2.72   9.27   8.86   9.32   3.71   5.94
clusters[2] =   1.06   3.44   4.49   5.51   1.72   6.81   2.74   0.34   9.66   5.11   3.94   8.26   0.26   8.72   2.65   0.79
clusters[3] =   1.09   5.65   8.40   5.51   1.24   2.93   6.59   1.55   0.63   7.55   5.17   7.26   1.66   8.13   1.58   5.64
clusters[4] =   2.11   8.89   0.64   9.95   5.82   7.27   1.19   0.69   2.60   6.88   5.37   0.94   8.08   4.10   9.86   8.81
clusters[5] =   2.15   1.10   4.54   9.95   5.33   3.41   5.04   1.90   3.57   9.32   6.60   9.93   9.48   3.50   8.79   3.65
clusters[6] =   2.19   3.31   8.45   9.95   4.84   9.53   8.89   3.10   4.54   1.75   7.82   8.93   0.88   2.90   7.73   8.51
clusters[7] =   2.22   5.52   2.35   9.95   4.36   5.66   2.74   4.31   5.50   4.19   9.05   7.92   2.28   2.31   6.67   3.35
clusters[8] =   3.24   8.76   4.60   4.39   8.94  10.00   7.35   3.45   7.47   3.51   9.25   1.60   8.70   8.28   4.95   6.52
clusters[9] =   3.28   0.97   8.50   4.40   8.45   6.13   1.20   4.66   8.45   5.95   0.48   0.60   0.11   7.68   3.88   1.37
clusters[10] =   3.32   3.19   2.41   4.40   7.96   2.26   5.05   5.86   9.41   8.38   1.70   9.59   1.50   7.08   2.82   6.21
clusters[11] =   4.33   6.41   4.65   8.84   2.54   6.59   9.65   5.00   1.38   7.72   1.90   3.28   7.93   3.06   1.09   9.38
clusters[12] =   4.37   8.63   8.55   8.83   2.05   2.72   3.50   6.21   2.35   0.15   3.13   2.27   9.33   2.46   0.03   4.23
clusters[13] =   4.40   0.84   2.46   8.84   1.56   8.85   7.35   7.42   3.32   2.59   4.35   1.26   0.73   1.86   8.96   9.07
clusters[14] =   4.43   3.06   6.37   8.84   1.07   4.98   1.20   8.62   4.28   5.03   5.57   0.26   2.12   1.26   7.90   3.92
clusters[15] =   5.46   6.28   8.61   3.28   5.66   9.32   5.81   7.76   6.26   4.35   5.79   3.94   8.55   7.23   6.17   7.09
clusters[16] =   5.50   8.51   2.51   3.28   5.17   5.45   9.66   8.97   7.22   6.79   7.01   2.93   9.95   6.63   5.11   1.94
clusters[17] =   5.53   0.72   6.42   3.29   4.68   1.58   3.51   0.18   8.19   9.23   8.23   1.93   1.34   6.04   4.04   6.79
clusters[18] =   6.55   3.95   8.66   7.72   9.27   5.91   8.11   9.31   0.16   8.56   8.44   5.61   7.77   2.01   2.32   9.95
clusters[19] =   6.59   6.16   2.57   7.73   8.78   2.04   1.96   0.52   1.13   0.99   9.66   4.60   9.17   1.42   1.26   4.80
clusters[20] =   6.62   8.38   6.47   7.73   8.29   8.17   5.81   1.73   2.10   3.43   0.88   3.60   0.57   0.81   0.19   9.65
clusters[21] =   6.66   0.59   0.38   7.73   7.80   4.30   9.67   2.93   3.07   5.87   2.11   2.59   1.97   0.22   9.12   4.50
clusters[22] =   7.68   3.82   2.61   2.17   2.38   8.64   4.27   2.07   5.04   5.19   2.31   6.27   8.40   6.19   7.41   7.66
clusters[23] =   7.71   6.03   6.52   2.17   1.89   4.77   8.12   3.28   6.01   7.63   3.54   5.27   9.79   5.59   6.34   2.51
clusters[24] =   7.75   8.25   0.42   2.18   1.40   0.90   1.97   4.48   6.97   0.07   4.76   4.26   1.19   4.99   5.27   7.36
clusters[25] =   8.77   1.48   2.67   6.61   5.98   5.23   6.57   3.62   8.94   9.40   4.97   7.95   7.61   0.97   3.55   0.52
clusters[26] =   8.80   3.69   6.57   6.61   5.50   1.36   0.42   4.83   9.92   1.84   6.19   6.94   9.02   0.37   2.49   5.38
clusters[27] =   8.84   5.90   0.48   6.62   5.01   7.49   4.28   6.03   0.88   4.27   7.41   5.93   0.41   9.77   1.42   0.22
clusters[28] =   8.87   8.12   4.39   6.62   4.52   3.62   8.13   7.24   1.85   6.71   8.63   4.92   1.81   9.17   0.35   5.07
clusters[29] =   9.90   1.35   6.63   1.06   9.10   7.96   2.73   6.38   3.82   6.04   8.85   8.61   8.24   5.14   8.64   8.24
clusters[30] =   9.93   3.57   0.54   1.06   8.61   4.09   6.58   7.58   4.79   8.48   0.07   7.60   9.64   4.54   7.57   3.08
clusters[31] =   9.97   5.78   4.44   1.06   8.12   0.21   0.43   8.79   5.76   0.90   1.29   6.59   1.04   3.95   6.50   7.93

OpenMP Kmeans - Reduction       (number of threads: 16)
        completed loop 10
        nloops =  10   (total =  0.9449s)  (per loop =  0.0945s)

Final cluster centers:
clusters[0] =   2.66   6.72   6.29   3.06   6.03   6.10   5.59   6.67   5.41   4.21   4.90   6.44   3.53   2.64   5.55   3.10
clusters[1] =   3.20   2.77   3.98   5.57   3.74   2.91   6.55   6.36   5.67   2.88   5.04   6.62   6.89   6.80   5.47   5.05
clusters[2] =   3.29   5.41   5.51   6.54   2.76   6.92   3.88   3.24   7.38   4.52   5.32   6.97   3.64   6.08   5.05   3.27
clusters[3] =   2.51   5.27   6.70   4.41   3.52   3.80   5.18   3.09   2.27   6.10   5.49   6.89   3.59   6.38   5.28   5.60
clusters[4] =  37.33  75.48  33.98  73.81  60.40  58.25  29.95  34.55  41.13  66.63  49.84  30.58  67.91  52.97  77.65  70.45
clusters[5] = 5064.38 5046.37 8870.06 11928.52 9050.65 6247.24 7995.67 5916.59 6289.32 11627.66 9276.86 12000.53 12494.33 7909.07 11799.65 6911.04
clusters[6] = 398.56 403.47 736.97 685.06 503.24 687.01 727.41 375.57 505.57 308.24 623.22 714.41 301.74 415.24 651.58 667.24
clusters[7] =  10.41  17.60  10.54  21.85  14.65  16.25  11.45  14.78  16.10  13.60  21.97  20.71  10.71  10.85  18.37  12.11
clusters[8] =   3.42   6.67   4.20   4.96   7.22   6.90   6.20   2.76   6.41   3.92   6.99   3.48   6.20   6.54   4.98   5.67
clusters[9] =   4.26   3.10   6.70   5.06   7.11   5.63   3.47   4.69   6.05   5.27   2.77   2.58   3.79   6.83   4.54   3.03
clusters[10] =   3.64   4.53   3.53   4.98   6.82   3.61   4.92   5.67   7.08   7.02   3.32   7.20   3.21   6.17   3.98   6.40
clusters[11] =   3.99   5.76   4.04   6.65   3.30   5.78   6.81   4.97   3.71   6.98   3.05   4.04   6.75   3.88   3.00   7.09
clusters[12] =   4.15   6.65   6.78   6.67   3.43   3.77   4.01   5.63   3.44   2.66   3.50   3.69   7.11   4.37   3.11   3.86
clusters[13] =   4.49   3.18   3.51   5.93   3.25   7.11   6.80   6.67   4.67   3.40   5.13   3.54   3.05   4.11   6.45   7.08
clusters[14] =   4.82   4.10   6.05   6.67   2.81   4.69   2.73   6.93   4.42   5.91   5.41   2.88   3.78   3.32   6.81   3.94
clusters[15] =   5.15   5.68   7.55   4.33   5.14   7.31   5.03   7.12   5.82   4.33   5.33   4.32   6.84   6.79   5.74   6.54
clusters[16] =   4.35   6.81   2.80   4.24   4.98   4.64   6.64   7.42   6.28   6.11   6.68   3.33   6.97   5.51   5.30   3.05
clusters[17] =   5.07   3.10   5.88   3.74   4.76   3.25   4.39   2.83   6.66   6.97   7.14   2.88   3.51   5.28   4.69   6.33
clusters[18] =   4.86   3.99   6.94   6.15   7.06   4.84   6.31   7.07   2.97   6.76   6.83   5.41   6.25   3.12   3.75   6.81
clusters[19] =   5.00   5.24   3.49   5.34   6.84   3.36   3.52   2.81   2.61   3.35   7.06   4.71   6.94   3.75   3.63   4.50
clusters[20] =   6.23   6.80   6.16   5.76   6.69   6.90   5.00   3.06   4.20   4.30   3.12   4.55   2.82   3.18   3.21   6.77
clusters[21] =   5.35   3.50   3.33   6.09   6.76   3.90   7.35   3.31   3.83   4.89   3.66   3.62   3.42   3.31   7.23   3.97
clusters[22] =   6.00   4.16   3.27   3.55   3.31   7.13   3.79   3.02   4.57   4.80   3.27   5.80   6.68   5.59   6.23   6.76
clusters[23] =   6.52   5.96   6.86   3.46   3.13   4.08   6.76   3.33   5.29   6.20   4.11   5.09   6.96   5.12   6.17   3.05
clusters[24] =   5.90   7.12   2.74   3.36   2.79   2.98   3.92   4.45   6.20   2.93   5.18   4.19   3.14   4.88   5.29   6.05
clusters[25] =   6.79   3.38   3.91   6.19   5.40   6.16   5.90   4.32   7.13   6.98   5.36   6.44   5.78   2.77   3.53   2.66
clusters[26] =   6.57   4.36   6.38   5.99   5.21   3.26   3.01   4.93   7.75   3.18   5.70   6.19   7.01   3.11   3.82   5.59
clusters[27] =   6.60   4.87   2.92   5.43   5.04   7.10   3.95   5.61   2.79   4.15   5.75   5.56   3.26   7.10   3.64   2.50
clusters[28] =   7.28   6.74   5.27   6.05   4.69   3.59   6.77   6.46   3.79   5.96   6.94   4.95   2.99   7.08   3.32   5.31
clusters[29] =   6.66   3.22   5.72   3.14   6.80   6.35   3.43   5.30   3.92   5.68   7.64   7.10   5.52   4.98   7.10   5.99
clusters[30] =   6.58   4.83   2.91   3.42   7.02   4.19   4.90   6.87   3.71   6.59   2.44   5.94   7.23   4.87   6.26   3.80
clusters[31] =   7.09   5.26   5.85   3.68   6.79   2.74   3.36   6.81   4.45   3.04   3.08   5.84   3.05   4.87   6.37   6.50

~~~~~~~~~~~~~~~~~~~~~~~~~~~~~~~~~~~~~~~~~~~~~~~~~~~~~~~~~~~~~~~~~~~~~~~~~~~~~~~~

dataset_size = 256.00 MB    numObjs = 2097152    numCoords = 16    numClusters = 32
Initial cluster centers:
clusters[0] =   0.00   8.00   8.35   1.07   7.63   6.35   4.28  10.00   6.72   3.34   2.51   5.59   2.44   3.35   5.44   2.78
clusters[1] =   1.02   1.22   0.58   5.50   2.22   0.68   8.89   9.14   8.69   2.67   2.72   9.27   8.86   9.32   3.71   5.94
clusters[2] =   1.06   3.44   4.49   5.51   1.72   6.81   2.74   0.34   9.66   5.11   3.94   8.26   0.26   8.72   2.65   0.79
clusters[3] =   1.09   5.65   8.40   5.51   1.24   2.93   6.59   1.55   0.63   7.55   5.17   7.26   1.66   8.13   1.58   5.64
clusters[4] =   2.11   8.89   0.64   9.95   5.82   7.27   1.19   0.69   2.60   6.88   5.37   0.94   8.08   4.10   9.86   8.81
clusters[5] =   2.15   1.10   4.54   9.95   5.33   3.41   5.04   1.90   3.57   9.32   6.60   9.93   9.48   3.50   8.79   3.65
clusters[6] =   2.19   3.31   8.45   9.95   4.84   9.53   8.89   3.10   4.54   1.75   7.82   8.93   0.88   2.90   7.73   8.51
clusters[7] =   2.22   5.52   2.35   9.95   4.36   5.66   2.74   4.31   5.50   4.19   9.05   7.92   2.28   2.31   6.67   3.35
clusters[8] =   3.24   8.76   4.60   4.39   8.94  10.00   7.35   3.45   7.47   3.51   9.25   1.60   8.70   8.28   4.95   6.52
clusters[9] =   3.28   0.97   8.50   4.40   8.45   6.13   1.20   4.66   8.45   5.95   0.48   0.60   0.11   7.68   3.88   1.37
clusters[10] =   3.32   3.19   2.41   4.40   7.96   2.26   5.05   5.86   9.41   8.38   1.70   9.59   1.50   7.08   2.82   6.21
clusters[11] =   4.33   6.41   4.65   8.84   2.54   6.59   9.65   5.00   1.38   7.72   1.90   3.28   7.93   3.06   1.09   9.38
clusters[12] =   4.37   8.63   8.55   8.83   2.05   2.72   3.50   6.21   2.35   0.15   3.13   2.27   9.33   2.46   0.03   4.23
clusters[13] =   4.40   0.84   2.46   8.84   1.56   8.85   7.35   7.42   3.32   2.59   4.35   1.26   0.73   1.86   8.96   9.07
clusters[14] =   4.43   3.06   6.37   8.84   1.07   4.98   1.20   8.62   4.28   5.03   5.57   0.26   2.12   1.26   7.90   3.92
clusters[15] =   5.46   6.28   8.61   3.28   5.66   9.32   5.81   7.76   6.26   4.35   5.79   3.94   8.55   7.23   6.17   7.09
clusters[16] =   5.50   8.51   2.51   3.28   5.17   5.45   9.66   8.97   7.22   6.79   7.01   2.93   9.95   6.63   5.11   1.94
clusters[17] =   5.53   0.72   6.42   3.29   4.68   1.58   3.51   0.18   8.19   9.23   8.23   1.93   1.34   6.04   4.04   6.79
clusters[18] =   6.55   3.95   8.66   7.72   9.27   5.91   8.11   9.31   0.16   8.56   8.44   5.61   7.77   2.01   2.32   9.95
clusters[19] =   6.59   6.16   2.57   7.73   8.78   2.04   1.96   0.52   1.13   0.99   9.66   4.60   9.17   1.42   1.26   4.80
clusters[20] =   6.62   8.38   6.47   7.73   8.29   8.17   5.81   1.73   2.10   3.43   0.88   3.60   0.57   0.81   0.19   9.65
clusters[21] =   6.66   0.59   0.38   7.73   7.80   4.30   9.67   2.93   3.07   5.87   2.11   2.59   1.97   0.22   9.12   4.50
clusters[22] =   7.68   3.82   2.61   2.17   2.38   8.64   4.27   2.07   5.04   5.19   2.31   6.27   8.40   6.19   7.41   7.66
clusters[23] =   7.71   6.03   6.52   2.17   1.89   4.77   8.12   3.28   6.01   7.63   3.54   5.27   9.79   5.59   6.34   2.51
clusters[24] =   7.75   8.25   0.42   2.18   1.40   0.90   1.97   4.48   6.97   0.07   4.76   4.26   1.19   4.99   5.27   7.36
clusters[25] =   8.77   1.48   2.67   6.61   5.98   5.23   6.57   3.62   8.94   9.40   4.97   7.95   7.61   0.97   3.55   0.52
clusters[26] =   8.80   3.69   6.57   6.61   5.50   1.36   0.42   4.83   9.92   1.84   6.19   6.94   9.02   0.37   2.49   5.38
clusters[27] =   8.84   5.90   0.48   6.62   5.01   7.49   4.28   6.03   0.88   4.27   7.41   5.93   0.41   9.77   1.42   0.22
clusters[28] =   8.87   8.12   4.39   6.62   4.52   3.62   8.13   7.24   1.85   6.71   8.63   4.92   1.81   9.17   0.35   5.07
clusters[29] =   9.90   1.35   6.63   1.06   9.10   7.96   2.73   6.38   3.82   6.04   8.85   8.61   8.24   5.14   8.64   8.24
clusters[30] =   9.93   3.57   0.54   1.06   8.61   4.09   6.58   7.58   4.79   8.48   0.07   7.60   9.64   4.54   7.57   3.08
clusters[31] =   9.97   5.78   4.44   1.06   8.12   0.21   0.43   8.79   5.76   0.90   1.29   6.59   1.04   3.95   6.50   7.93

OpenMP Kmeans - Reduction       (number of threads: 32)
        completed loop 10
        nloops =  10   (total =  0.4754s)  (per loop =  0.0475s)

Final cluster centers:
clusters[0] =   2.66   6.72   6.29   3.06   6.03   6.10   5.59   6.67   5.41   4.21   4.90   6.44   3.53   2.64   5.55   3.10
clusters[1] =   3.20   2.77   3.98   5.57   3.74   2.91   6.55   6.36   5.67   2.88   5.04   6.62   6.89   6.80   5.47   5.05
clusters[2] =   3.29   5.41   5.51   6.54   2.76   6.92   3.88   3.24   7.38   4.52   5.32   6.97   3.64   6.08   5.05   3.27
clusters[3] =   2.51   5.27   6.70   4.41   3.52   3.80   5.18   3.09   2.27   6.10   5.49   6.89   3.59   6.38   5.28   5.60
clusters[4] =  37.33  75.48  33.98  73.81  60.40  58.25  29.95  34.55  41.13  66.63  49.84  30.58  67.91  52.97  77.65  70.45
clusters[5] = 5064.38 5046.37 8870.06 11928.52 9050.65 6247.24 7995.67 5916.59 6289.32 11627.66 9276.86 12000.53 12494.33 7909.07 11799.65 6911.04
clusters[6] = 398.56 403.47 736.97 685.06 503.24 687.01 727.41 375.57 505.57 308.24 623.22 714.41 301.74 415.24 651.58 667.24
clusters[7] =  10.41  17.60  10.54  21.85  14.65  16.25  11.45  14.78  16.10  13.60  21.97  20.71  10.71  10.85  18.37  12.11
clusters[8] =   3.42   6.67   4.20   4.96   7.22   6.90   6.20   2.76   6.41   3.92   6.99   3.48   6.20   6.54   4.98   5.67
clusters[9] =   4.26   3.10   6.70   5.06   7.11   5.63   3.47   4.69   6.05   5.27   2.77   2.58   3.79   6.83   4.54   3.03
clusters[10] =   3.64   4.53   3.53   4.98   6.82   3.61   4.92   5.67   7.08   7.02   3.32   7.20   3.21   6.17   3.98   6.40
clusters[11] =   3.99   5.76   4.04   6.65   3.30   5.78   6.81   4.97   3.71   6.98   3.05   4.04   6.75   3.88   3.00   7.09
clusters[12] =   4.15   6.65   6.78   6.67   3.43   3.77   4.01   5.63   3.44   2.66   3.50   3.69   7.11   4.37   3.11   3.86
clusters[13] =   4.49   3.18   3.51   5.93   3.25   7.11   6.80   6.67   4.67   3.40   5.13   3.54   3.05   4.11   6.45   7.08
clusters[14] =   4.82   4.10   6.05   6.67   2.81   4.69   2.73   6.93   4.42   5.91   5.41   2.88   3.78   3.32   6.81   3.94
clusters[15] =   5.15   5.68   7.55   4.33   5.14   7.31   5.03   7.12   5.82   4.33   5.33   4.32   6.84   6.79   5.74   6.54
clusters[16] =   4.35   6.81   2.80   4.24   4.98   4.64   6.64   7.42   6.28   6.11   6.68   3.33   6.97   5.51   5.30   3.05
clusters[17] =   5.07   3.10   5.88   3.74   4.76   3.25   4.39   2.83   6.66   6.97   7.14   2.88   3.51   5.28   4.69   6.33
clusters[18] =   4.86   3.99   6.94   6.15   7.06   4.84   6.31   7.07   2.97   6.76   6.83   5.41   6.25   3.12   3.75   6.81
clusters[19] =   5.00   5.24   3.49   5.34   6.84   3.36   3.52   2.81   2.61   3.35   7.06   4.71   6.94   3.75   3.63   4.50
clusters[20] =   6.23   6.80   6.16   5.76   6.69   6.90   5.00   3.06   4.20   4.30   3.12   4.55   2.82   3.18   3.21   6.77
clusters[21] =   5.35   3.50   3.33   6.09   6.76   3.90   7.35   3.31   3.83   4.89   3.66   3.62   3.42   3.31   7.23   3.97
clusters[22] =   6.00   4.16   3.27   3.55   3.31   7.13   3.79   3.02   4.57   4.80   3.27   5.80   6.68   5.59   6.23   6.76
clusters[23] =   6.52   5.96   6.86   3.46   3.13   4.08   6.76   3.33   5.29   6.20   4.11   5.09   6.96   5.12   6.17   3.05
clusters[24] =   5.90   7.12   2.74   3.36   2.79   2.98   3.92   4.45   6.20   2.93   5.18   4.19   3.14   4.88   5.29   6.05
clusters[25] =   6.79   3.38   3.91   6.19   5.40   6.16   5.90   4.32   7.13   6.98   5.36   6.44   5.78   2.77   3.53   2.66
clusters[26] =   6.57   4.36   6.38   5.99   5.21   3.26   3.01   4.93   7.75   3.18   5.70   6.19   7.01   3.11   3.82   5.59
clusters[27] =   6.60   4.87   2.92   5.43   5.04   7.10   3.95   5.61   2.79   4.15   5.75   5.56   3.26   7.10   3.64   2.50
clusters[28] =   7.28   6.74   5.27   6.05   4.69   3.59   6.77   6.46   3.79   5.96   6.94   4.95   2.99   7.08   3.32   5.31
clusters[29] =   6.66   3.22   5.72   3.14   6.80   6.35   3.43   5.30   3.92   5.68   7.64   7.10   5.52   4.98   7.10   5.99
clusters[30] =   6.58   4.83   2.91   3.42   7.02   4.19   4.90   6.87   3.71   6.59   2.44   5.94   7.23   4.87   6.26   3.80
clusters[31] =   7.09   5.26   5.85   3.68   6.79   2.74   3.36   6.81   4.45   3.04   3.08   5.84   3.05   4.87   6.37   6.50

~~~~~~~~~~~~~~~~~~~~~~~~~~~~~~~~~~~~~~~~~~~~~~~~~~~~~~~~~~~~~~~~~~~~~~~~~~~~~~~~

dataset_size = 256.00 MB    numObjs = 2097152    numCoords = 16    numClusters = 32
Initial cluster centers:
clusters[0] =   0.00   8.00   8.35   1.07   7.63   6.35   4.28  10.00   6.72   3.34   2.51   5.59   2.44   3.35   5.44   2.78
clusters[1] =   1.02   1.22   0.58   5.50   2.22   0.68   8.89   9.14   8.69   2.67   2.72   9.27   8.86   9.32   3.71   5.94
clusters[2] =   1.06   3.44   4.49   5.51   1.72   6.81   2.74   0.34   9.66   5.11   3.94   8.26   0.26   8.72   2.65   0.79
clusters[3] =   1.09   5.65   8.40   5.51   1.24   2.93   6.59   1.55   0.63   7.55   5.17   7.26   1.66   8.13   1.58   5.64
clusters[4] =   2.11   8.89   0.64   9.95   5.82   7.27   1.19   0.69   2.60   6.88   5.37   0.94   8.08   4.10   9.86   8.81
clusters[5] =   2.15   1.10   4.54   9.95   5.33   3.41   5.04   1.90   3.57   9.32   6.60   9.93   9.48   3.50   8.79   3.65
clusters[6] =   2.19   3.31   8.45   9.95   4.84   9.53   8.89   3.10   4.54   1.75   7.82   8.93   0.88   2.90   7.73   8.51
clusters[7] =   2.22   5.52   2.35   9.95   4.36   5.66   2.74   4.31   5.50   4.19   9.05   7.92   2.28   2.31   6.67   3.35
clusters[8] =   3.24   8.76   4.60   4.39   8.94  10.00   7.35   3.45   7.47   3.51   9.25   1.60   8.70   8.28   4.95   6.52
clusters[9] =   3.28   0.97   8.50   4.40   8.45   6.13   1.20   4.66   8.45   5.95   0.48   0.60   0.11   7.68   3.88   1.37
clusters[10] =   3.32   3.19   2.41   4.40   7.96   2.26   5.05   5.86   9.41   8.38   1.70   9.59   1.50   7.08   2.82   6.21
clusters[11] =   4.33   6.41   4.65   8.84   2.54   6.59   9.65   5.00   1.38   7.72   1.90   3.28   7.93   3.06   1.09   9.38
clusters[12] =   4.37   8.63   8.55   8.83   2.05   2.72   3.50   6.21   2.35   0.15   3.13   2.27   9.33   2.46   0.03   4.23
clusters[13] =   4.40   0.84   2.46   8.84   1.56   8.85   7.35   7.42   3.32   2.59   4.35   1.26   0.73   1.86   8.96   9.07
clusters[14] =   4.43   3.06   6.37   8.84   1.07   4.98   1.20   8.62   4.28   5.03   5.57   0.26   2.12   1.26   7.90   3.92
clusters[15] =   5.46   6.28   8.61   3.28   5.66   9.32   5.81   7.76   6.26   4.35   5.79   3.94   8.55   7.23   6.17   7.09
clusters[16] =   5.50   8.51   2.51   3.28   5.17   5.45   9.66   8.97   7.22   6.79   7.01   2.93   9.95   6.63   5.11   1.94
clusters[17] =   5.53   0.72   6.42   3.29   4.68   1.58   3.51   0.18   8.19   9.23   8.23   1.93   1.34   6.04   4.04   6.79
clusters[18] =   6.55   3.95   8.66   7.72   9.27   5.91   8.11   9.31   0.16   8.56   8.44   5.61   7.77   2.01   2.32   9.95
clusters[19] =   6.59   6.16   2.57   7.73   8.78   2.04   1.96   0.52   1.13   0.99   9.66   4.60   9.17   1.42   1.26   4.80
clusters[20] =   6.62   8.38   6.47   7.73   8.29   8.17   5.81   1.73   2.10   3.43   0.88   3.60   0.57   0.81   0.19   9.65
clusters[21] =   6.66   0.59   0.38   7.73   7.80   4.30   9.67   2.93   3.07   5.87   2.11   2.59   1.97   0.22   9.12   4.50
clusters[22] =   7.68   3.82   2.61   2.17   2.38   8.64   4.27   2.07   5.04   5.19   2.31   6.27   8.40   6.19   7.41   7.66
clusters[23] =   7.71   6.03   6.52   2.17   1.89   4.77   8.12   3.28   6.01   7.63   3.54   5.27   9.79   5.59   6.34   2.51
clusters[24] =   7.75   8.25   0.42   2.18   1.40   0.90   1.97   4.48   6.97   0.07   4.76   4.26   1.19   4.99   5.27   7.36
clusters[25] =   8.77   1.48   2.67   6.61   5.98   5.23   6.57   3.62   8.94   9.40   4.97   7.95   7.61   0.97   3.55   0.52
clusters[26] =   8.80   3.69   6.57   6.61   5.50   1.36   0.42   4.83   9.92   1.84   6.19   6.94   9.02   0.37   2.49   5.38
clusters[27] =   8.84   5.90   0.48   6.62   5.01   7.49   4.28   6.03   0.88   4.27   7.41   5.93   0.41   9.77   1.42   0.22
clusters[28] =   8.87   8.12   4.39   6.62   4.52   3.62   8.13   7.24   1.85   6.71   8.63   4.92   1.81   9.17   0.35   5.07
clusters[29] =   9.90   1.35   6.63   1.06   9.10   7.96   2.73   6.38   3.82   6.04   8.85   8.61   8.24   5.14   8.64   8.24
clusters[30] =   9.93   3.57   0.54   1.06   8.61   4.09   6.58   7.58   4.79   8.48   0.07   7.60   9.64   4.54   7.57   3.08
clusters[31] =   9.97   5.78   4.44   1.06   8.12   0.21   0.43   8.79   5.76   0.90   1.29   6.59   1.04   3.95   6.50   7.93

OpenMP Kmeans - Reduction       (number of threads: 64)
        completed loop 10
        nloops =  10   (total =  0.3971s)  (per loop =  0.0397s)

Final cluster centers:
clusters[0] =   2.66   6.72   6.29   3.06   6.03   6.10   5.59   6.67   5.41   4.21   4.90   6.44   3.53   2.64   5.55   3.10
clusters[1] =   3.20   2.77   3.98   5.57   3.74   2.91   6.55   6.36   5.67   2.88   5.04   6.62   6.89   6.80   5.47   5.05
clusters[2] =   3.29   5.41   5.51   6.54   2.76   6.92   3.88   3.24   7.38   4.52   5.32   6.97   3.64   6.08   5.05   3.27
clusters[3] =   2.51   5.27   6.70   4.41   3.52   3.80   5.18   3.09   2.27   6.10   5.49   6.89   3.59   6.38   5.28   5.60
clusters[4] =  37.33  75.48  33.98  73.81  60.40  58.25  29.95  34.55  41.13  66.63  49.84  30.58  67.91  52.97  77.65  70.45
clusters[5] = 5064.38 5046.37 8870.06 11928.52 9050.65 6247.24 7995.67 5916.59 6289.32 11627.66 9276.86 12000.53 12494.33 7909.07 11799.65 6911.04
clusters[6] = 398.56 403.47 736.97 685.06 503.24 687.01 727.41 375.57 505.57 308.24 623.22 714.41 301.74 415.24 651.58 667.24
clusters[7] =  10.41  17.60  10.54  21.85  14.65  16.25  11.45  14.78  16.10  13.60  21.97  20.71  10.71  10.85  18.37  12.11
clusters[8] =   3.42   6.67   4.20   4.96   7.22   6.90   6.20   2.76   6.41   3.92   6.99   3.48   6.20   6.54   4.98   5.67
clusters[9] =   4.26   3.10   6.70   5.06   7.11   5.63   3.47   4.69   6.05   5.27   2.77   2.58   3.79   6.83   4.54   3.03
clusters[10] =   3.64   4.53   3.53   4.98   6.82   3.61   4.92   5.67   7.08   7.02   3.32   7.20   3.21   6.17   3.98   6.40
clusters[11] =   3.99   5.76   4.04   6.65   3.30   5.78   6.81   4.97   3.71   6.98   3.05   4.04   6.75   3.88   3.00   7.09
clusters[12] =   4.15   6.65   6.78   6.67   3.43   3.77   4.01   5.63   3.44   2.66   3.50   3.69   7.11   4.37   3.11   3.86
clusters[13] =   4.49   3.18   3.51   5.93   3.25   7.11   6.80   6.67   4.67   3.40   5.13   3.54   3.05   4.11   6.45   7.08
clusters[14] =   4.82   4.10   6.05   6.67   2.81   4.69   2.73   6.93   4.42   5.91   5.41   2.88   3.78   3.32   6.81   3.94
clusters[15] =   5.15   5.68   7.55   4.33   5.14   7.31   5.03   7.12   5.82   4.33   5.33   4.32   6.84   6.79   5.74   6.54
clusters[16] =   4.35   6.81   2.80   4.24   4.98   4.64   6.64   7.42   6.28   6.11   6.68   3.33   6.97   5.51   5.30   3.05
clusters[17] =   5.07   3.10   5.88   3.74   4.76   3.25   4.39   2.83   6.66   6.97   7.14   2.88   3.51   5.28   4.69   6.33
clusters[18] =   4.86   3.99   6.94   6.15   7.06   4.84   6.31   7.07   2.97   6.76   6.83   5.41   6.25   3.12   3.75   6.81
clusters[19] =   5.00   5.24   3.49   5.34   6.84   3.36   3.52   2.81   2.61   3.35   7.06   4.71   6.94   3.75   3.63   4.50
clusters[20] =   6.23   6.80   6.16   5.76   6.69   6.90   5.00   3.06   4.20   4.30   3.12   4.55   2.82   3.18   3.21   6.77
clusters[21] =   5.35   3.50   3.33   6.09   6.76   3.90   7.35   3.31   3.83   4.89   3.66   3.62   3.42   3.31   7.23   3.97
clusters[22] =   6.00   4.16   3.27   3.55   3.31   7.13   3.79   3.02   4.57   4.80   3.27   5.80   6.68   5.59   6.23   6.76
clusters[23] =   6.52   5.96   6.86   3.46   3.13   4.08   6.76   3.33   5.29   6.20   4.11   5.09   6.96   5.12   6.17   3.05
clusters[24] =   5.90   7.12   2.74   3.36   2.79   2.98   3.92   4.45   6.20   2.93   5.18   4.19   3.14   4.88   5.29   6.05
clusters[25] =   6.79   3.38   3.91   6.19   5.40   6.16   5.90   4.32   7.13   6.98   5.36   6.44   5.78   2.77   3.53   2.66
clusters[26] =   6.57   4.36   6.38   5.99   5.21   3.26   3.01   4.93   7.75   3.18   5.70   6.19   7.01   3.11   3.82   5.59
clusters[27] =   6.60   4.87   2.92   5.43   5.04   7.10   3.95   5.61   2.79   4.15   5.75   5.56   3.26   7.10   3.64   2.50
clusters[28] =   7.28   6.74   5.27   6.05   4.69   3.59   6.77   6.46   3.79   5.96   6.94   4.95   2.99   7.08   3.32   5.31
clusters[29] =   6.66   3.22   5.72   3.14   6.80   6.35   3.43   5.30   3.92   5.68   7.64   7.10   5.52   4.98   7.10   5.99
clusters[30] =   6.58   4.83   2.91   3.42   7.02   4.19   4.90   6.87   3.71   6.59   2.44   5.94   7.23   4.87   6.26   3.80
clusters[31] =   7.09   5.26   5.85   3.68   6.79   2.74   3.36   6.81   4.45   3.04   3.08   5.84   3.05   4.87   6.37   6.50